824
366 737
323 174
504 538
2 1
219 27
366 610
422 759
66 40
95 312
301 576
583 559
63 83
315 359
555 493
87 177
174 396
41 237
152 170
467 501
176 288
461 530
521 818
14 123
147 70
249 259
564 282
224 115
233 492
97 65
615 250
646 144
40 80
589 119
23 182
15 258
19 295
17 138
474 408
108 677
251 381
762 156
35 261
465 687
493 201
455 254
97 351
44 11
250 692
597 142
545 89
101 476
548 373
577 628
798 52
223 232
749 432
800 30
223 199
137 265
184 344
6 694
329 616
289 790
450 84
1 195
83 108
495 471
168 70
543 198
102 282
414 663
363 655
2 28
155 53
475 172
778 333
12 330
188 325
328 280
207 385
516 623
511 501
20 115
544 350
664 635
6 23
46 102
591 28
323 353
7 37
814 45
76 119
548 557
42 777
323 378
58 770
805 698
99 8
437 77
305 797
279 446
706 651
2 9
406 714
725 334
64 136
61 27
96 309
266 365
370 22
819 352
604 808
397 626
658 315
230 563
647 553
53 29
670 417
247 17
746 516
191 144
760 162
272 811
102 704
176 668
122 275
276 464
284 154
290 195
180 217
263 6
416 456
260 82
50 163
671 611
752 458
458 313
112 621
34 49
312 685
666 22
373 296
785 775
695 239
87 140
669 352
112 122
350 580
211 613
95 377
436 771
45 184
507 540
283 592
451 158
121 116
4 2
507 9
141 313
29 26
27 30
144 28
170 341
275 415
235 21
485 482
215 47
180 151
8 246
296 333
283 742
487 135
281 121
198 242
579 164
67 46
745 39
383 575
389 380
824 731
532 71
565 165
2 3
747 519
218 602
61 178
586 103
535 305
231 178
75 133
125 193
79 710
296 587
169 84
809 87
293 447
64 85
250 136
209 400
263 269
343 272
662 179
362 440
268 823
25 185
113 612
268 316
590 553
600 221
326 360
35 289
148 80
26 24
508 274
526 178
544 733
78 287
22 9
252 406
38 109
210 354
126 24
519 761
129 367
390 163
386 284
516 455
255 94
215 274
77 422
584 330
256 205
171 72
194 327
364 448
784 146
310 566
156 690
310 297
82 179
534 331
104 73
92 131
291 159
421 153
244 319
120 765
101 393
763 577
103 59
179 614
279 35
205 8
222 217
561 401
379 41
137 2
225 300
712 445
263 520
89 296
452 128
54 64
134 95
701 113
285 405
349 255
51 113
91 211
380 681
169 624
46 425
467 491
772 807
426 680
698 273
4 159
801 655
91 1
42 107
252 588
23 32
97 297
61 62
305 212
30 141
5 1
267 357
155 212
174 207
152 84
248 278
676 473
6 661
295 362
38 648
553 283
212 467
566 757
122 183
470 173
154 152
767 401
94 132
736 146
301 295
70 51
793 139
368 631
672 386
522 218
559 459
12 146
289 315
78 41
308 3
2 81
206 720
715 822
57 39
496 608
181 266
3 52
90 285
15 76
312 582
722 731
723 470
336 71
39 234
795 514
695 766
524 433
357 529
758 673
15 21
307 237
227 127
6 20
594 768
189 132
449 61
727 38
151 630
209 629
792 375
317 201
36 75
335 258
25 775
52 114
656 653
327 414
718 692
146 512
232 517
653 744
352 341
297 395
429 554
41 58
357 722
275 525
254 407
208 322
288 539
392 741
99 164
503 479
133 229
660 665
225 118
473 44
163 609
190 304
649 518
571 5
143 713
734 395
133 702
621 635
175 743
514 382
94 324
387 115
581 345
4 13
2 98
47 633
356 22
111 62
675 362
25 314
552 179
652 542
340 484
491 577
251 549
753 134
651 16
214 76
316 428
150 165
411 606
397 611
436 314
506 276
54 59
363 424
167 16
135 127
311 14
14 46
277 787
145 133
424 782
598 326
273 622
46 726
17 8
156 204
153 709
14 6
272 483
735 176
16 4
31 435
497 107
227 332
447 466
619 595
152 411
86 24
69 46
689 101
344 521
210 481
23 96
174 659
214 461
515 39
95 457
139 236
388 83
462 332
241 494
86 160
229 371
292 293
34 11
403 128
655 697
139 16
209 318
432 48
364 326
41 11
283 194
499 474
192 267
248 716
683 610
255 715
522 738
89 68
163 233
229 251
12 33
97 273
273 550
24 19
15 573
222 605
478 115
314 657
37 202
567 522
18 15
124 51
616 821
125 479
53 355
721 266
19 17
15 48
796 291
59 200
221 157
340 241
645 806
49 129
542 135
117 27
309 404
596 755
138 226
268 117
88 31
509 593
107 162
13 645
301 505
303 228
348 68
68 199
92 37
107 130
181 100
549 788
546 499
20 87
73 369
482 531
213 193
594 14
184 228
682 653
237 601
562 129
423 427
172 49
112 92
570 135
150 186
149 480
21 82
32 38
600 779
748 164
255 686
375 172
80 220
268 302
684 35
551 724
494 560
399 101
272 80
711 751
248 361
155 158
8 63
75 194
454 225
402 703
27 72
336 679
290 496
107 463
212 276
209 111
128 306
618 59
201 196
547 43
325 708
438 388
21 240
79 25
448 519
604 511
659 674
198 86
69 254
338 330
345 88
35 23
311 728
50 416
558 423
64 469
160 230
286 235
161 23
322 596
551 60
636 705
45 639
374 488
70 218
820 178
278 636
397 282
85 729
280 279
76 331
693 477
1 156
117 750
275 277
376 240
57 627
772 279
206 140
602 678
537 390
383 150
91 248
402 419
166 15
270 89
174 119
171 732
401 394
119 374
33 569
16 31
23 326
783 133
578 283
513 595
59 574
307 431
426 218
39 47
179 441
5 73
4 8
258 294
181 599
660 616
62 667
442 308
9 45
813 170
17 337
84 11
699 694
51 773
249 57
176 84
465 135
271 29
730 181
68 243
379 640
264 366
490 18
19 27
286 803
572 810
518 465
277 380
436 607
350 81
108 153
13 120
654 234
513 318
89 105
53 90
17 56
219 445
264 245
142 107
363 510
85 358
392 139
420 306
154 394
129 430
58 74
372 9
93 72
637 449
486 457
484 707
124 239
717 380
173 64
244 257
25 11
439 57
71 101
150 208
791 412
329 434
36 28
297 536
110 143
108 342
54 192
119 175
60 34
339 173
402 286
160 409
259 504
10 1
190 109
393 688
69 781
815 60
43 106
252 46
357 673
119 444
9 11
157 137
357 468
498 335
721 799
31 40
153 203
254 321
642 568
17 329
85 110
42 31
628 776
222 460
92 528
7 2
696 429
644 804
149 408
764 562
691 559
304 769
482 32
471 220
632 395
238 410
500 22
179 533
34 245
100 77
756 716
155 238
213 502
71 1
196 58
617 585
5 6
139 638
32 39
653 240
363 184
97 188
418 219
641 47
477 25
346 336
370 625
286 472
39 210
178 262
